00000000010100000000100010010011
00000000000000000000000001110011
00000000101000000000001010110011
00000000010100000000100010010011
00000000000000000000000001110011
00000000101000000000001100110011
00000000010100000000001010110011
00000000011000000000001100110011
00000000011000101000010100110011
00000000000100000000100010010011
00000000000000000000000001110011
00000000101000000000100010010011
00000000000000000000000001110011
00000000000000000000000000000000 
00000000000000000000000000000000 
00000000000000000000000000000000
00000000000000000000000000000000
00000000000000000000000000000000
00000000000000000000000000000000
00000000000000000000000000000000
00000000000000000000000000000000
00000000000000000000000000000000
00000000000000000000000000000000
00000000000000000000000000000000 
00000000000000000000000000000000 
00000000000000000000000000000000
00000000000000000000000000000000
00000000000000000000000000000000
00000000000000000000000000000000
00000000000000000000000000000000
00000000000000000000000000000000
00000000000000000000000000000000